233 1
234 1
235 1
236 1
237 1
238 1
239 1
240 1
241 1
242 1
244 1
245 1
247 1
380 2
381 2
382 2
384 2
387 2
388 2
389 2
390 2
391 2
394 2
396 2
397 2
398 2
399 2
553 3
554 3
556 3
557 3
558 3
559 3
560 3
561 3
562 3
564 3
565 3
566 3
567 3
569 3
570 3
607 4
612 4
613 4
619 4
621 4
625 4
626 4
627 4
751 5
752 5
753 5
754 5
755 5
756 5
757 5
758 5
759 5
760 5
761 5
762 5
763 5
1383 6
1384 6
1385 6
1386 6
1387 6
1388 6
1389 6
1390 6
1391 6
1392 6
1393 6
1394 6
1395 6
1396 6
1460 7
1461 7
1462 7
1464 7
1465 7
1466 7
1467 7
1468 7
1469 7
1470 7
1471 7
1474 7
1489 8
1490 8
1491 8
1492 8
1493 8
1494 8
1495 8
1496 8
1497 8
1498 8
1499 8
2646 4
2647 4
2648 4
2649 4
2650 4
2651 4
2652 4
2653 4
2654 4
2655 4
2656 4
2657 4
2658 4
2659 4
2661 4
2662 4
2663 8
2664 8
2665 8
2666 8
2667 8
2668 8
2669 8
2670 8
2671 8
2672 8
2673 8
2674 8
2675 8
2676 8
2677 8
2678 8
2679 8
2680 8
2682 8
2683 9
2684 9
2685 9
2686 9
2687 9
2688 9
2689 9
2690 9
2691 9
2692 9
2693 9
2694 9
2695 9
2696 9
2699 9
2700 9
2701 9
2703 9
2704 9
2705 9
2706 9
2707 9
2708 9
2709 9
2710 9
2711 9
2712 9
2713 9
2714 9
2715 7
2716 7
2717 7
2718 7
2719 7
2720 7
2721 7
2722 7
2724 7
2725 7
2726 7
2727 7
2728 7
2729 10
2730 10
2731 10
2732 10
2733 10
2734 10
2735 10
2736 10
2737 10
2738 10
2739 10
2740 10
2741 10
2742 10
2743 10
2745 8
2746 8
2747 8
2748 8
2749 8
2750 8
2751 8
2752 8
2753 8
2754 8
2755 8
2756 8
2757 8
2758 8
2759 8
2760 8
2761 8
2762 8
2763 8
2764 8
2766 5
2767 5
2768 5
2769 5
2770 5
2771 5
2772 5
2773 5
2774 5
2775 5
2776 5
2777 5
2778 5
2779 5
2781 5
2782 5
2783 5
2784 5
2785 5
2787 6
2788 6
2790 6
2794 6
2795 6
2797 6
2798 6
2799 6
2800 6
2801 6
2802 3
2803 3
2805 3
2806 3
2808 3
2809 3
2810 3
2811 3
2812 3
2813 3
2814 3
2815 3
2816 3
2818 10
2820 10
2821 10
2822 10
2823 10
2824 10
2825 10
2826 10
2827 10
2829 10
2832 10
2833 10
2834 10
2835 10
2838 11
2839 11
2846 12
2848 12
2851 12
2852 12
2853 12
2860 8
2864 8
2866 8
2867 8
2868 8
2869 8
2871 8
2872 8
2873 8
2874 8
2875 8
2876 8
2877 8
2878 8
2881 2
2882 2
2883 2
2884 2
2885 2
2886 2
2887 2
2888 2
2889 2
2890 2
2892 2
2893 2
2894 2
2895 2
2896 2
2897 5
2898 5
2899 5
2900 5
2901 5
2902 5
2903 5
2904 5
2905 5
2906 5
2907 5
2910 5
2911 5
2913 5
2914 5
2915 5
2916 5
2917 5
2918 8
2919 8
2920 8
2921 8
2922 8
2923 8
2924 8
2925 8
2926 8
2927 8
2928 8
2929 8
2930 8
2931 8
2932 8
2934 8
2935 8
2936 8
2937 4
2938 4
2939 4
2940 4
2941 4
2942 4
2943 4
2944 4
2945 4
2946 4
2947 4
2948 4
2949 4
2950 4
2951 4
2952 4
2953 4
2955 4
2956 4
2957 10
2958 10
2959 10
2960 10
2961 10
2962 10
2963 10
2964 10
2965 10
2966 10
2967 10
2968 10
2969 10
2970 10
2971 10
2972 7
2973 7
2974 7
2976 7
2977 7
2978 7
2979 7
2980 7
2981 7
2982 7
2983 7
2984 7
2985 7
2986 13
2987 13
2988 13
2989 13
2990 13
2991 13
2992 13
2993 13
2994 13
2995 13
2997 13
2998 13
2999 13
3000 13
3001 13
3002 13
3003 10
3004 10
3005 10
3006 10
3007 10
3008 10
3009 10
3010 10
3011 10
3012 10
3013 10
3014 10
3015 10
3016 10
3018 10
3019 10
3020 10
3021 8
3022 8
3023 8
3024 8
3025 8
3026 8
3027 8
3028 8
3029 8
3030 8
3031 8
3032 8
3033 8
3034 8
3035 8
3037 2
3039 2
3040 2
3041 2
3042 2
3043 2
3044 2
3045 2
3046 2
3047 2
3048 2
3049 2
3050 2
3051 13
3052 13
3053 13
3057 13
3060 13
3061 13
3062 13
3063 13
3064 13
3065 13
3066 13
3067 13
3068 13
3075 11
3076 11
3079 11
3083 11
3084 11
3086 11
3092 3
3097 3
3098 3
3099 3
3102 3
3104 3
3105 3
3107 3
3109 3
3115 6
3118 6
3119 6
3120 6
3121 6
3123 6
3127 6
3130 6
3131 6
3132 6
3133 6
3134 2
3135 2
3136 2
3137 2
3138 2
3139 2
3140 2
3141 2
3142 2
3144 2
3145 2
3146 2
3147 2
